RNA Score Matrix -- similarity

    -  A  G  C  U  AA  AG  AC  AU  GA  GG  GC  GU  CA  CG  CC  CU  UA  UG  UC  UU
-
A  -1  1
G  -1 -1  1
C  -1 -1 -1  1
U  -1 -1 -1 -1  1
AA -1 -1 -1 -1 -1   2
AG -1 -1 -1 -1 -1  -1   2
AC -1 -1 -1 -1 -1  -1  -1   2
AU -1 -1 -1 -1 -1  -1  -1  -1   2
GA -1 -1 -1 -1 -1  -1  -1  -1  -1   2
GG -1 -1 -1 -1 -1  -1  -1  -1  -1  -1   2
GC -1 -1 -1 -1 -1  -1  -1  -1   1  -1  -1   2
GU -1 -1 -1 -1 -1  -1  -1  -1   1  -1  -1   1   2
CA -1 -1 -1 -1 -1  -1  -1  -1  -1  -1  -1  -1  -1   2
CG -1 -1 -1 -1 -1  -1  -1  -1   1  -1  -1   1   1  -1   2
CC -1 -1 -1 -1 -1  -1  -1  -1  -1  -1  -1  -1  -1  -1  -1   2
CU -1 -1 -1 -1 -1  -1  -1  -1  -1  -1  -1  -1  -1  -1  -1  -1   2
UA -1 -1 -1 -1 -1  -1  -1  -1   1  -1  -1   1   1  -1   1  -1  -1   2
UG -1 -1 -1 -1 -1  -1  -1  -1   1  -1  -1   1   1  -1   1  -1  -1   1   2
UC -1 -1 -1 -1 -1  -1  -1  -1  -1  -1  -1  -1  -1  -1  -1  -1  -1  -1  -1   2
UU -1 -1 -1 -1 -1  -1  -1  -1  -1  -1  -1  -1  -1  -1  -1  -1  -1  -1  -1  -1   2
