RNA Score Matrix -- distance

    -  A  G  C  U  AA  AG  AC  AU  GA  GG  GC  GU  CA  CG  CC  CU  UA  UG  UC  UU
-
A   1  0
G   1  1  0
C   1  1  1  0
U   1  1  1  1  0
AA  1  1  1  1  1   0
AG  1  1  1  1  1   1   0
AC  1  1  1  1  1   1   1   0
AU  1  1  1  1  1   1   1   1   0
GA  1  1  1  1  1   1   1   1   1   0
GG  1  1  1  1  1   1   1   1   1   1   0
GC  1  1  1  1  1   1   1   1   1   1   1   0
GU  1  1  1  1  1   1   1   1   1   1   1   1   0
CA  1  1  1  1  1   1   1   1   1   1   1   1   1   0
CG  1  1  1  1  1   1   1   1   1   1   1   1   1   1   0
CC  1  1  1  1  1   1   1   1   1   1   1   1   1   1   1   0
CU  1  1  1  1  1   1   1   1   1   1   1   1   1   1   1   1   0
UA  1  1  1  1  1   1   1   1   1   1   1   1   1   1   1   1   1   0
UG  1  1  1  1  1   1   1   1   1   1   1   1   1   1   1   1   1   1   0
UC  1  1  1  1  1   1   1   1   1   1   1   1   1   1   1   1   1   1   1   0
UU  1  1  1  1  1   1   1   1   1   1   1   1   1   1   1   1   1   1   1   1   0
