RNA Score Matrix -- similarity

    -  A  G  C  U  AA  AG  AC  AU  GA  GG  GC  GU  CA  CG  CC  CU  UA  UG  UC  UU
-
A  -1  1
G  -1 -1  1
C  -1 -1 -1  1
U  -1 -1 -1 -1  1
AA -1 -1 -1 -1 -1   1
AG -1 -1 -1 -1 -1 0.5   1
AC -1 -1 -1 -1 -1 0.5 0.5   1
AU -1 -1 -1 -1 -1 0.5 0.5 0.5   1
GA -1 -1 -1 -1 -1 0.5  -1  -1  -1   1
GG -1 -1 -1 -1 -1  -1 0.5  -1  -1 0.5   1
GC -1 -1 -1 -1 -1  -1  -1 0.5  -1 0.5 0.5   1
GU -1 -1 -1 -1 -1  -1  -1  -1 0.5 0.5 0.5 0.5   1
CA -1 -1 -1 -1 -1 0.5  -1  -1  -1 0.5  -1  -1  -1   1
CG -1 -1 -1 -1 -1  -1 0.5  -1  -1  -1 0.5  -1  -1 0.5   1
CC -1 -1 -1 -1 -1  -1  -1 0.5  -1  -1  -1 0.5  -1 0.5 0.5   1
CU -1 -1 -1 -1 -1  -1  -1  -1 0.5  -1  -1  -1 0.5 0.5 0.5 0.5   1
UA -1 -1 -1 -1 -1 0.5  -1  -1  -1 0.5  -1  -1  -1 0.5  -1  -1  -1   1
UG -1 -1 -1 -1 -1  -1 0.5  -1  -1  -1 0.5  -1  -1  -1 0.5  -1  -1 0.5   1
UC -1 -1 -1 -1 -1  -1  -1 0.5  -1  -1  -1 0.5  -1  -1  -1 0.5  -1 0.5 0.5   1
UU -1 -1 -1 -1 -1  -1  -1  -1 0.5  -1  -1  -1 0.5  -1  -1  -1 0.5 0.5 0.5 0.5   1
