RNA Score Matrix -- similarity

    -  A  G  C  U  AA  AG  AC  AU  GA  GG  GC  GU  CA  CG  CC  CU  UA  UG  UC  UU
-
A  -1  1
G  -1  0.5  1
C  -1  0.5  0.5  1
U  -1  0.5  0.5  0.5  1
AA -2 -1 -1 -1 -1   2
AG -2 -1 -1 -1 -1  -1   2
AC -2 -1 -1 -1 -1  -1  -1   2
AU -2 -1 -1 -1 -1  -1  -1  -1   2
GA -2 -1 -1 -1 -1  -1  -1  -1  -1   2
GG -2 -1 -1 -1 -1  -1  -1  -1  -1  -1   2
GC -2 -1 -1 -1 -1  -1  -1  -1   1  -1  -1   2
GU -2 -1 -1 -1 -1  -1  -1  -1   1  -1  -1   1   2
CA -2 -1 -1 -1 -1  -1  -1  -1  -1  -1  -1  -1  -1   2
CG -2 -1 -1 -1 -1  -1  -1  -1   1  -1  -1   1   1  -1   2
CC -2 -1 -1 -1 -1  -1  -1  -1  -1  -1  -1  -1  -1  -1  -1   2
CU -2 -1 -1 -1 -1  -1  -1  -1  -1  -1  -1  -1  -1  -1  -1  -1   2
UA -2 -1 -1 -1 -1  -1  -1  -1   1  -1  -1   1   1  -1   1  -1  -1   2
UG -2 -1 -1 -1 -1  -1  -1  -1   1  -1  -1   1   1  -1   1  -1  -1   1   2
UC -2 -1 -1 -1 -1  -1  -1  -1  -1  -1  -1  -1  -1  -1  -1  -1  -1  -1  -1   2
UU -2 -1 -1 -1 -1  -1  -1  -1  -1  -1  -1  -1  -1  -1  -1  -1  -1  -1  -1  -1   2
